  0: 51 44 55 36 14  1 42 23 52 30 28 37 34 50 24 20 32 19 54  4 46 56 26 53  2  7 33 13 16 21 49 18 43  5 27 57 41  9 35 17 45 22  8 48 58 29 40 25 15  6 59  0 11 31 39 10 38  3 47 12 
  1: 51 44 55 36 14  1 42 23 52 30 28 37 34 50 24 20 32 19 54  4 46 56 26 53  2  7 33 13 16 21 49 18 43  5 27 57 41  9 35 17 45 22  8 48 58 29 40 25 15  6 59  0 11 31 39 10 38  3 47 12 
  2: 51 56 55 36 14  1 52 23 42 30 28 53 34 50 24 20 32 19 54  4 46 44 26 37 27  7 33 13 16 21 49 18 43  5  2 57 41  9 35 17 45  6  8 48 58 29 40 22 15 25 59  0 11 31 39 10 38  3 47 12 
  3: 51 11 55 36 14  7 42 23 54 47 28 37 34 50 24 41 46 19 30 44 32 56 26 10  2 15 33 13 16 21 49 18 22  1 27 57 20  9 35 43  4  5  8 48 58 29 40 25 45  6 59  0 17 31 39 53 38  3 52 12 
  4: 51 44 55 57 14  1  7 23 43 34 28 36 30 42 24 53 32 19 54 35 46  0 26 45 21 50 33 13 16  2 49  5 52 18 27  6 41 10  4 17 20 22  8 48 58 29 40 25 15  9 59 56 11 31 39 37 38  3 47 12 
  5: 51 44 55 25 14  1 17 23 42 30 28 36 34 52 24 20 32 19 54  4 50 56 47 53  2  7  9 13 16 21 49 18 12  5 27  6 41 10 35 46 45 22 31 48 58 29 40 57 15 33 59  0 11  8 39 37 38  3 26 43 
  6: 51 16 28 36 44  1 42  4 52  5 23 37 34 35 14 20 32 19 54  7 46 56 26 53  2 15  8 13 25 21 30 18 55  0 49 57 41  9 50 17 45 22 33 48 58 29 40 27 24  6 59 43 11 31 39 10 38  3 47 12 
  7: 51 44 55 21 14  1 42 46 52 18 28 37 34 45 24 35 32 19 54  4 23 40 26 53 36  7  8 13 16 38 49 30 43  5 27 57 20  9 41 17 50 22 39 48 47 29 31 25 59  0 15  6 11 56 33 10  2  3 58 12 
  8: 51 44 55 57 14  1 25 23 42  7 28 49 30 12 24 20 32 19 56  4 46 54 26  8 21 34 33 13 16 45 10 18 43  5 27  6 41 17 35 36  2 22 53 48 58 29 40 52 38  9 59  0 11 31 39 37 15  3 47 50 
  9: 51 44 55 36 14 58 42 23 52 30 28 37 11 50 24 20 32 19 54  4 46 56 26 53  2  7 33 13 16 21 49 18 43  5 27  1 41  9 35  6 45 22  8 48 10  3 40 25 15 17 59  0 34 31 39 57 38 29 47 12 
 10: 51 44 55 36 14  1 42 23 52 30 28 37 34 50 24 20 32 19 54  4 46 56 26 53  2  7 33 13 16 21 49 18 43  5 27 57 41  9 35 17 45 22  8 48 58 29 40 25 15  6 59  0 11 31 39 10 38  3 47 12 
 11: 56 44 46 36 14 34 42 37 52 23 28 15 47 50 24 20 32  1 54 57 55 51 26 53  2 30 19 13 16 21 49 18 43  5 27 12 41  9  6 17 33 22 45 48 58 29 40 25  7 35 59  0 31 11 39 10 38  3  8  4 
 12: 51  7 55 36 16 33 42 23 52 30 28 53 34 50 26 48 32 19 35  4 46 56 44 49 27 15 31 13 14 20 41 18 43  1  2 57 37  9 54 17 45 22  8 21 58 24 40 25 29  6 59  0 11  5 39 10 38  3 47 12 
 13: 51 44 46 36 14  1 42 23 52 30 28 37 34 50 53 20 32 19 56 57 12 54  0 39 45  7 33  2 16 21 49 18 43  5 27 55 41 29 35 17  9 22  8 48 58 13 40 25 15  6 59 26 31 11 38 10 24  3 47  4 
 14: 51 56 15 43 14  1 42 23 52 30 40 37 34 50 59 20 32 19 54 57  0  4 11 53  2  7 33 13 16 21 49 18 36  5 27 55 41  9 35 17 45 22  8 48 58 29 28 25 46  6 24 44 26 31 39 10 38  3 47 12 
 15: 51  7 55 50 14  1 42 37 52 30 59 48 34 36 24 41 32 19 56 21 46 54 44 53 26 15 33 13 16  4 49 39 43  5  0 18 20  9 35 17 45 22  8  6 58 27 40 25 28 57 23 29 11 31  2 10 38  3 47 12 
 16: 51 44 57 36 52  1 38 23 14 30 28 37 34 50 24 20 32 25 54  4 46 56 26 53 59  7 33 13 16 11 49 18 43  5 27 55 41  9 35 17 45 22  8 48 58 29 40 19 15  6  2  0 21 31 39 10 42  3 47 12 
 17: 51  7 55 36 14  1 56 26 52 42 37 28 34 50 23 40 32 19 54  4 46  0 44 53  2 11 33  8 16 21 49 18 43  5 27 12 41  9 35 17 45 22 20 48 58 24 13 25 57 30 59  6 15 31 39 10 38  3 47 29 
 18: 51 44 55 36 14  1 56 23 52 33 28 42 59 50 24 37 32 19 34  4 46 30 12 53  2  7  5 13 43 15 49 18 16 26 27 57 41 20 35 17 45 22  8 48 58 29 40 25 54  6 21  0 11 31 39 10 38  3 47  9 
 19: 51 44 55 36 29 34 52 37 42 30 59 15 18 50 24 45 32 19 56  4 46 58 26 53 27  1  7 13 16 21 49 47 43  5  2 57 41  9 35 17 20 22 33 48 54 14 40 25 28  6 23  0 11 31 39 10 38  3  8 12 
 20: 51 44 55 36 14 10 42 23 52 30 39 37 34 50 24 20 56 19 54  4 46  0 26 53  2  7 33 13 16 21 49 15 43  5 27  1 41  9 35 17 45 22  8 48 58  3 40 25 18  6 59 32 11 31 28 57 38 29 47 12 
 21: 12 17 55 36 14  1 42 46 52 30 28 37 34 50 24 20 32 19 54  4 35 15 26 53  2 21  8 13 16 48 49 18 43  7 27 41 57 33 23 44 45  5  6 59 58 29 40 25 22  9  0 56 11 31 39 51 38  3 47 10 
 22: 51 44  5 36 14  1 54 23 52 42  3 37 34 50 24 20 32 19 45  4 46  0 26 53  2 21 47 13 16 33 49 18 43 55 27 57 41  9 35 17 56 22  8 48 58 29 40 25 15 30 59  6 11 31 39 10 38  7 28 12 
 23: 51 11 22 36 14  1 21 23 54 30 28 40 34 17 24 20 32 19 52  4 46 56 55 10  2 15 33 13 16 42 49 18 44  7 27 57 41  9 35 43 45 31  8 48 58 29 37 25 26  6 59  0 50  5 39 53 38  3 47 12 
 24: 51  7 55 36 29  1 42 37 46 30 28 48 34 50 24 41 32 43 54 53  9 56 26 21  2 15 44 13 16  4 49 18 19  5 27 33 20 52 35 17 45 22  8  6 58 14 40 25 59 57 23  0 11 31 39 10 38  3 47 12 
 25: 51 33 55 36 14  1 42 45 52 30 28 37 34 50 24 20 58 19 53  4 46 56 26 54  2 15  7 13 27 35  0 44 43 18 49 57 41  8 21 17 23 22  9 48 32 29 40 25 38  6 59 16 11 31 39 10  5  3 47 12 
 26: 51 44 55 36 14  1 56 23 52 33 28 42 59 50 24 37 32 19 34  4 46 30 12 53  2  7  5 13 43 15 49 18 16 26 27 57 41 20 35 17 45 22  8 48 58 29 40 25 54  6 21  0 11 31 39 10 38  3 47  9 
 27: 51 44 46 36 14  1 42 23 52 30 28 37 34 50 53 20 32 19 56 57 12 54  0 39 45  7 33  2 16 21 49 18 43  5 27 55 41 29 35 17  9 22  8 48 58 13 40 25 15  6 59 26 31 11 38 10 24  3 47  4 
 28: 51 44 55 57 14  1 17  7 42 30 28 37 34 50 24 23 32 19 54  4 52 56 26 53  2 20 33  0 16  5 35 18 43 21 27 25 41  9 49 46 45 22  8 48 58 29 40 36 15  6 59 13 11 31 39 10 38  3 47 12 
 29: 43 27 55 36 14  1 42 52 23 30 29 37 34 50 12 20 32  5 54  4  9 56 26 53  2  7 49 13 16 21 33 18 51 10 58 57 41 46 35 17 45 22  8 48 44 28 40 25 15  6 59  0 11 31 39 19 38  3 47 24 
 30: 29 44 55  8 14  1 42 23 52 30 28 37 34 50 24 20 32 19 54  4 12 56 26 35 39  7 33 13 16 38 45 18 43  5 27 57 46  9 17 53 49 22 36 48 58 51 40 25 15  6 59  0 11 31  2 10 21  3 47 41 
 31: 51 44 46 21 14  1 42 22 52 23 28  6 34 35 24 38 32  8 54 57 12 56 26 53 19 30 33 13 16 36 49 18 43  5 47 55 41  9 50 17 45 37 15 48 58 29 40 25  3  2 27 59 11 31 39 10 20  7  0  4 
 32: 56 44 46 36 14 34 42 37 52 23 28 15 47 50 24 20 32  1 54 57 55 51 26 53  2 30 19 13 16 21 49 18 43  5 27 12 41  9  6 17 33 22 45 48 58 29 40 25  7 35 59  0 31 11 39 10 38  3  8  4 
 33: 51 44 55 36  4  1  3 23 52 47 28 37 34 50 27 20 32 19 54 58 24 56 26 53 38  7 33 13 16 21 49 18 43  5 12 57 41  9 35 17 45 22  8 48  2 29 15 25 40  6 59  0 11 31 39 10 14 46 30 42 
 34: 51 27 55 36 14 26 42 23 52 30 28 37 34 50 31 41 32 19 35  4 46 56 44 53  7 15 33 13 16 21 49 18 43  1  2 57  8  9 54 17 45 22 25 48 58 24 40 20 29  6 59  0 11  5 39 10 38  3 47 12 
 35: 51 44 55 36 14  1 56 23 52 33 28 42 59 50 24 37 32 19 34  4 46 30 12 53  2  7  5 13 43 15 49 18 16 26 27 57 41 20 35 17 45 22  8 48 58 29 40 25 54  6 21  0 11 31 39 10 38  3 47  9 
 36:  0 44 55 36 35  1 42 23 52 34 28 37 30 50 24 20 38 19 54  4 46 56 26 53  2  5 33 13 16 21 31 18 49  7 27 57 41  9 14 17 45 22  8 48 58 29 40 25 15  6 59 51 11 43 39 10 32  3 47 12 
 37: 51 44 55 36 39 34 17 23 52 47 28 37 18 50 24 59 32 19  3 21 46 56 26 30 27  7 33 40  1  4 49 13 43  5 42 57 41  9 35 38 45 22  8 48 58 29 16 25 31  6 54  0 15 11 14 10  2 20 53 12 
 38: 51  7 55 36 14  1 56 26 52 42 37 28 34 50 23 40 32 19 54  4 46  0 44 53  2 11 33  8 16 21 49 18 43  5 27 12 41  9 35 17 45 22 20 48 58 24 13 25 57 30 59  6 15 31 39 10 38  3 47 29 
 39: 51 21 58 36 14  1 42 54 15 30 28  2 34 50 24 20 32 19 23  4 12 56 26 55 37 13 33  7 16 35 41 18 43  5 44 52 46  9 27 17 11 22  8 48 53 29 40 25 47  6 59  0 45 31 39 10 38  3 57 49 
 40: 51 44 55 25 14  1 17 23 42 30 28 36 34 52 24 20 32 19 54  4 50 56 47 53  2  7  9 13 16 21 49 18 12  5 27  6 41 10 35 46 45 22 31 48 58 29 40 57 15 33 59  0 11  8 39 37 38  3 26 43 
 41: 51 44 55 36 14  1 52 23 42 30 28 37 34 50 11 20 32 40 35 43 46 56  0 53  2  7 33 13 16 38 49 18  4  5 27 57 41  9 54 17 45 22  8 48 58 29 19 25 15  6 59 26 24 31 39 10 21  3 47 12 
 42: 51  7 30 36 14  1 42 45 52 55 28 37 34 50 41 20 46  2 54  4  3 56 26 19 53 15 33 13 16 38 49 18 43  5 27 17 44  9 35 39 23 22  8 48 58 29 40 25 24  6 59  0 11 31 57 10 21 32 47 12 
 43: 51 44 34 36 14  1 42 37 15 30 28 23 50 55 11 20 32 19 35  4 46 56  0 53 10 24 33 13 16 21 49 38 43  5 27 52 41 57 54 17 45 31  8 48 58 29 40 25 47  6 59 26  7 22 39  2 18  3  9 12 
 44: 51 11 55 36 14  1 42 23 52 47 28 58 34 50 24 49 32 19 54  4 46 56 26 10  2 15 33 13 16 21  0 18 44  7 27 57  9 37 35 43 45  5  8 48 41 29 40 25 22  6 59 20 17 31 39 53 38  3 30 12 
 45: 51 39 55 36 14 57 52 58 42 30 16 37 34 50 24 20 32 19 54  4 46 56 44 53  2 15  7 13 49 21 48 18 43  5 27 40 41  9 35 17 45  6  8 26 23 29  1 22  0 25 59 33 11 31 28 10 38  3 47 12 
 46: 51  7 55 36 14  1 56 26 52 42 37 28 34 50 23 40 32 19 54  4 46  0 44 53  2 11 33  8 16 21 49 18 43  5 27 12 41  9 35 17 45 22 20 48 58 24 13 25 57 30 59  6 15 31 39 10 38  3 47 29 
 47: 51 44 55 41 14  1 56 23 42 30 40 37 34 50 24 20 52 19 54  4 58 33 26 53  2 31 32 13 16 21 27 18 43  5 49 57 36  9 35 17 45  7  8 48 46 39 28 25 11  6 29  0 15 22 59 10 38  3 47 12 
 48: 51  7 12 36 14  1 52 23 42 30 28 37 34 50 41 20 39 43 54  4 46 56 26 53  2 15 33 48 27 19 16 18  9  5 49 57 44 21 35 17 45 22  8 13 58 29 40 25 24  6 59  0 11 31 47 10 38  3 55 32 
 49: 51  7 55 15 29  1 54 23 42 30 28 37 40 50 41 20 46 19 45  4  3 52 26 53  2 36 33 13 16 21 49 18 43  5 27 39 44  9 35 59 56 22  8 48 58 14 34 25 24  6 17  0 11 31 57 10 38 32 47 12 
 50: 51 44 29 36 14 34 56 37 52 42 32 15 47 50 24 20 59 43 45  4 46  0 26 53  2  1  7 13 16 21 49 18 19  5 27 57 41  9 35 17 54 22 33 48 58 39 40 25 28 30 23  6 11 31 55 10 38  3  8 12 
 51: 51 44 55 36 14  1 42 17 52 30 28 37 34 50 24 20 32 19 54  4 46 56 26 53  2  7 33 13 16 21 49 18 43  5 39 57 27  9 35 23 45 22  8 48 58 29 40 25 15  6 59  0 11 31 41 10 38  3 47 12 
 52:  0 44 55 36 35  1 42 23 52 34 28 37 30 50 24 20 38 19 54  4 46 56 26 53  2  5 33 13 16 21 31 18 49  7 27 57 41  9 14 17 45 22  8 48 58 29 40 25 15  6 59 51 11 43 39 10 32  3 47 12 
 53: 51 21 55 36 14  1 42 23 37 30 28 15 34 50 24 20 32 19 54  4 12 56  7 53  2 26 33 13 16 35 41 18 43  5 44 52 46  9 17 40 45 22 27 48 58 29  8 25 47  6 59  0 11 31 39 10 38  3 57 49 
 54: 51 11 55 36 14  1 25 54 47 30 37 28 34 50 24 20 32 19 52 15 46 56 26 10  2  7  8 13 16 21 49 18 43 27  5 57 41  9 35 44 45 22  6 23 58 29 40 48 38 33  0 59 17 31 39 53  4  3 42 12 
 55: 51 44 55 36 14  1 42 23 52 30 28 37 34 50 24 20 32  5 54  4  9 56 26 53  2  7 45 13 16 35 49 18 43 10 27 33 41 46 21 17 40 22  8 48 58 29 57 25 15  6 59  0 11 31 39 19 38  3 47 12 
 56: 51 44 55 57 14  1 52 23 59  2 28 35 34 12 24 20 32 19 54 36 46 56 26 53 21  7 40 13 16 30 49 18 43  5 27  6 41 10  4 17 45 22  8 48 58 33 29 25 15  9 42  0 11 31 39 37 38  3 47 50 
 57: 51 44 55 36 52  1 46 35 41 43 28 37 34 32 14 20 50 19 54 58 24 56 26 53  2  7 33 13 16 21 27 18 30  5 49 57 23  9  4 17 45 22  8 48 12 29 40 25 15  6 59  0 11 31 39 10 38  3 47 42 
 58: 43 44 55 36 14 31 42 23 52 30 28 37 34 47 11 20 46 19 54  4  9 56 26 53 27  7 33 13 16 21 49 18 51  1 24 57 39 32 35 17  2 22  8 48 58 29 40 25 15  6 59  0 45  5 41 10 38  3 50 12 
 59:  5  9 55 36 14  1 42 23 52  0 28 37 34 50 24 20 16 19 54  4 46 56 11 32  2  7 45 13 53 21 49 18 43 26 51 33 41 44 35 17 40 22  8 48 58 29 57 27 15  6 59 30 25 31 39 10 38  3 47 12 
 60: 51 44 55 36 14  1 52 23 42 30 28 37 34 50 11 20 32 40 35 43 46 56  0 53  2  7 33 13 16 38 49 18  4  5 27 57 41  9 54 17 45 22  8 48 58 29 19 25 15  6 59 26 24 31 39 10 21  3 47 12 
 61: 51 44 55 36 14  1 42 23 52 30 28 37 34 50 24 20 32 19 54  4 46 56 26 53  2  7 33 13 16 21 49 18 43  5 27 57 41  9 35 17 45 22  8 48 58 29 40 25 15  6 59  0 11 31 39 10 38  3 47 12 
 62: 51 44 55 36 14  1 42  8 52 30 47 38 34 50 24 20 32 19 54  4 46 56 26 53  2  7 33 21 29 28 49 18 43  5 27 57 41  9 35 17 45 22 58 48 59 16 40 25  3  6 15 37 11 31 12 10  0 23 13 39 
 63: 51 16 55 36 14 56 42  4 52  5 30 37 34 50 44 20 32 19 54  7 46  1 26 53  2 15  8 13 25 21  0 18 28 23 49 57 41  9 35 17 45 22 33 48 58 29 40 27 24  6 59 43 11 31 39 10 38  3 47 12 
 64: 51 27 55 36 14 26 42 23 52 30 28 37 34 50 31 41 32 19 35  4 46 56 44 53  7 15 33 13 16 21 49 18 43  1  2 57  8  9 54 17 45 22 25 48 58 24 40 20 29  6 59  0 11  5 39 10 38  3 47 12 
 65: 51 44 55 57 14  1 25 23 42  7 28 49 30 12 24 20 32 19 56  4 46 54 26  8 21 34 33 13 16 45 10 18 43  5 27  6 41 17 35 36  2 22 53 48 58 29 40 52 38  9 59  0 11 31 39 37 15  3 47 50 
 66: 51 44 55 36 29 34 52 37 42 30 59 15 18 50 24 45 32 19 56  4 46 58 26 53 27  1  7 13 16 21 49 47 43  5  2 57 41  9 35 17 20 22 33 48 54 14 40 25 28  6 23  0 11 31 39 10 38  3  8 12 
 67: 51 15 55 50 14  1 42 56 52 30 28 37 34  7 24 20  5 19 54  4 46 58 26 53  2 12 33 21 39 13 49 18 43 32 27 45 41  9 35 17 57 22  8 48 23 29 40 25  0  6 59 44 11 31 16 10 38  3 47 36 
 68: 51 16 55 36 14  1 42 35 52  8  2 37 34 50 44 20 32 19 54  7 46 56 26  5 23 15 53 13 25 21  0 18 28 30 49 57 41  9  4 17 45 58 33 48 22 29 40 27 24  6 59 43 11 31 39 10 38  3 47 12 
 69: 51 44 55 36 14  1 42 23 52 30 28 37 34 50 24 20 32 19 54  4 46 56 26 53  2  7 33 13 16 21 49 18 43  5 27 57 41  9 35 17 45 22  8 48 58 29 40 25 15  6 59  0 11 31 39 10 38  3 47 12 
 70: 20 44 34 13 33  1 42  0 52 30 28 36 38 12 24 51 32 19 54 35 46 14 26  8  2 43 55 57 16 50 49 18  7  5 27  6 41 10  4 17 45 22 58 48 59 29 40 25  3  9 15 53 11 31 39 37 56 23 47 21 
 71: 51 35 55 36 14  1 56 23 42 57 28 37 43 21 24 38 52 19 54  4 58 32 26 53 20 31 33 13 16 49 50 18 34  5 27 30 41  9 44 17 25  7  8 48 46 29 40 45 11  6 39  0 15 22 59 10  2  3 47 12 
 72:  0 44 55 36 35  1 42 23 52 34 28 37 30 50 24 20 38 19 54  4 46 56 26 53  2  5 33 13 16 21 31 18 49  7 27 57 41  9 14 17 45 22  8 48 58 29 40 25 15  6 59 51 11 43 39 10 32  3 47 12 
 73: 51  7 55 36 14 31 42 23 52 30 28 37 34 50 12 20 32 19 35  4 46 56 44 53 27 15 33 13 16 21 49 18 43  1  2 57 41  9 54 17 45  6  8 48 58 24 40 22 29 25 59  0 11  5 39 10 38  3 47 26 
 74: 15 44 55  0 14  1 42 58 52 30 28 37 16 50 51 20 32 19 54  4 46 48 26 53  2  7 33 13 34 21 31 18 49  5 27 57 41  9 35 17 45 22  8 56  6 29 40 25 24 23 59 36 11 43 39 10 38  3 47 12 
 75: 51  7 55 36 14  1 42 45 52 48 28 37 34 50 41 20 46  2 54  4 32 56 26 19 53 15 33 13 16 38 49 18 43  5 27 39 44  9 35 17 23 22  8 30 58 29 40 25 24  6 59  0 11 31 57 10 21  3 47 12 
 76: 12 44 55 39 14  1 17 23 52 30 47 37  9 50 24 20 16 19 54  4 46 56 26 32 27  7 45 13 53 21 49 18 43  5 42 33 41 34 35 38 58 22  8 48 40 29 57 25 31  6 59  0  3 11 36 51  2 15 28 10 
 77: 56 27 46 36 14  1 42 23 52 30 28 37 34 50 24 20 32  5 54 55 57 51 26 53  2  7 33 13 16  8 49 18 43 10 58 12 41  9 21 17 45 22 35 48 44 29 40 25 15  6 59  0 11 31 39 19 38  3 47  4 
 78: 51 16 28 36 44  1 42  4 52  5 23 37 34 35 14 20 32 19 54  7 46 56 26 53  2 15  8 13 25 21 30 18 55  0 49 57 41  9 50 17 45 22 33 48 58 29 40 27 24  6 59 43 11 31 39 10 38  3 47 12 
 79: 51  7 55 15 29  1 54 23 42 30 28 37 40 50 41 20 46 19 45  4  3 52 26 53  2 36 33 13 16 21 49 18 43  5 27 39 44  9 35 59 56 22  8 48 58 14 34 25 24  6 17  0 11 31 57 10 38 32 47 12 
 80: 51 11 55 36 14  1 42 23 52 47 28 58 34 50 24 49 32 19 54  4 46 56 26 10  2 15 33 13 16 21  0 18 44  7 27 57  9 37 35 43 45  5  8 48 41 29 40 25 22  6 59 20 17 31 39 53 38  3 30 12 
 81: 51 44 46 21 36  1 42 23 52 30 28 37 34 50 24 20 32 19 54 57 12 56 26 53 40  5 14  2 16 38 39 18 43  7 27 55 41  9 35 17 45 22  8 48 58 33 29 25  0  6 59 15 31 11 49 10 13  3 47  4 
 82: 51 44 55 36 14  1 42  8 52 30 47 38 34 50 24 20 32 19 54  4 46 56 26 53  2  7 33 21 29 28 49 18 43  5 27 57 41  9 35 17 45 22 58 48 59 16 40 25  3  6 15 37 11 31 12 10  0 23 13 39 
 83: 51 44 55 36 14  1 42 23 52 30 28 37 34 50 24 20 32  5 54  4  9 56 26 53  2  7 45 13 16 35 49 18 43 10 27 33 41 46 21 17 40 22  8 48 58 29 57 25 15  6 59  0 11 31 39 19 38  3 47 12 
 84: 51 44 55 36 27  1 42 23 52 30 28 53 34 50 46 20 32  7 35  0 24 56 26 37  2 54 11 13 16 21  6 18 43  5 33 57 41  9 19 17 45 49  8 48 58 29 40 22 15 25 59  4 14 31 39 10 38  3 47 12 
 85: 51 44 58 36 14 31 12 23 52 30 28 37 34 50 15 20  9 19 54  4 29 56 24 43  2 55 45 13  1 21 49 18  6 16 32 33 41 46 35 17 40 22  8 48 27 42 57 25  7 26 59  0 11  5 39 53 38  3 47 10 
 86: 51 44 55 21 14  1 42 56 52 23 28  6 34 50 54 20 32  8 24  4 46 22 26 53 19 30 33 13 16 36 31 18 49  5 27 57 41  9 35 17 45 37 15 48 58 29 40 25  7  2 59  0 11 43 39 10 38  3 47 12 
 87: 51 15 55 36 14  1 11 23 42 30 28  3 53 50 24 20 32 19 35  4  7 56 26 34  8 46 33 13 16 21 49 18 43 27  5 57 39  9 54 17 45 31  2 48 58 29 40 25  0  6 59 44 52 22 41 10 38 37 47 12 
 88: 51  7 55 36 29  1 42 37 46 30 28 48 34 50 24 41 32 43 54 53  9 56 26 21  2 15 44 13 16  4 49 18 19  5 27 33 20 52 35 17 45 22  8  6 58 14 40 25 59 57 23  0 11 31 39 10 38  3 47 12 
 89: 51 21 55 36 14  1 56 37 42 30 28 15 34 50 24 20 26 19 54  4 12 32 40 53  2 31 33 13 39 35 41 18 43  5 44 57 46  9 27 17 45  7  8 48 58 29 52 25 59  6 23  0 11 22 16 10 38  3 47 49 
 90: 51 27 55 36 14  1  7 23 52 30 28 37 53 42 24 20 17 19  8  4 46 56 26 34  2 50 33 13 16 21 31 18 49  5 58 57 41  9 35 32 45 22 54 48 44 29 40 25 39  6 59  0 11 43 15 10 38  3 47 12 
 91: 51 44  5 36 14  1 54 23 52 42  3 37 34 50 24 20 32 19 45  4 46  0 26 53  2 21 47 13 16 33 49 18 43 55 27 57 41  9 35 17 56 22  8 48 58 29 40 25 15 30 59  6 11 31 39 10 38  7 28 12 
 92: 51 44 13 36 14 34 42 23 52 30 28 37 58 50 24 20 32 19 35  4 46 56 26 53  2 54 11 55 16 21 49 18 43  5 27 57 41  9  7 17 45 22  8 48  1 29 40 25 15  6 59  0 33 31 39 10 38  3 47 12 
 93: 51 44 33 36 14  1 42 23 15 30 28 37 34 50 24 20 32 19 35  4 46 56 26 53 39  7 55 13 16 21 49 52 43  5 27 18 41 57 54 17 45 31  8 48 58 29 40 25 47  6 59  0 11 22  2 10 38  3  9 12 
 94: 51 44 55 36 14  8 42 37 52 30 59 15 34 50 11 20 32 19 35  4 46  1 26 56 16 53  7  6  2 38 49 18 43  5 27 57 41  9 54 17 45 22 33 48 28 29 40 25 58 13 23  0 24 31 39 10 21  3 47 12 
 95: 51 16 55 36 14 56 42  4 52  5 30 37 34 50 44 20 32 19 54  7 46  1 26 53  2 15  8 13 25 21  0 18 28 23 49 57 41  9 35 17 45 22 33 48 58 29 40 27 24  6 59 43 11 31 39 10 38  3 47 12 
 96: 51 44 55 36 14  1 56 23 52 33 28 42 59 50 24 37 32 19 34  4 46 30 12 53  2  7  5 13 43 15 49 18 16 26 27 57 41 20 35 17 45 22  8 48 58 29 40 25 54  6 21  0 11 31 39 10 38  3 47  9 
 97: 51 44 57 36 14  1 42  8 52 30 28 38 11 50 24 20 46 19 54  4 32 56 26 53  2  5 33 13 39 21 47 18 43  7 27 55 41  9 35 17 45 22 58 48 59 29 40 25  3  6 15 37 34 31 16 10  0 23 49 12 
 98: 51 27  8 36 14  1 42 23 52 30 28 37 34 50 24 20 32  5 54  4 46 56 26 53  2 40 33 13 16 35 49 18 43 10 58 57 41  9 21 17 45 22 55 48 44 29  7 25 15  6 59  0 11 31 39 19 38  3 47 12 
 99: 51 44 55 36 59  1 42 23 52 30 28 37 15 50 24  4 32 19 54 20  9 56 26 53  2  5 45 13 16 21 49 18 43  7 38 33 41 46 35 17 40 22  8 48 58 29 57 25 39  6 14  0 34 31 11 10 27  3 47 12 
100: 51 44 34 36 14  1 42 37 15 30 28 23 50 55 11 20 32 19 35  4 46 56  0 53 10 24 33 13 16 21 49 38 43  5 27 52 41 57 54 17 45 31  8 48 58 29 40 25 47  6 59 26  7 22 39  2 18  3  9 12 
101: 51 44 55 36 14  1 42 43 41 30 28 37 34 50 24 20 46 19 54  4 32 56 26 53  2  7 33 13 16 21 27 18 35  5 49 57 23  9 52 17 45 22  8 10 58 29 40 25 15  6 59  0 11 31 39 48 38  3 47 12 
102: 51  7 55 36 14 31 42 23 52 30 28 37 34 50 12 20 32 19 35  4 46 56 44 53 27 15 33 13 16 21 49 18 43  1  2 57 41  9 54 17 45  6  8 48 58 24 40 22 29 25 59  0 11  5 39 10 38  3 47 26 
103: 51 44 55  6 14  1 42 23 52  5 28 37 34 50 24 20 32 19 54 18 46 56 26 53  2  7  8 13 25 21  0  4 43 30 49 57 41  9 36 17 45 22 33 48 58 29 15 27 40 35 59 16 11 31 39 10 38  3 47 12 
104: 51 44 55 36 19  1 54 23 42 30 28 18 34 50 24 20 32 10 45  4 46 52 26 53  2  7 33 59 16 21 49 40 43  5 27 57 41  9 35 17 56 22  8 48 58 15 37 25 29  6 31  0 11 13 39 14 38  3 47 12 
105: 56 44 46 36 14 34 42 37 52 23 28 15 47 50 24 20 32  1 54 57 55 51 26 53  2 30 19 13 16 21 49 18 43  5 27 12 41  9  6 17 33 22 45 48 58 29 40 25  7 35 59  0 31 11 39 10 38  3  8  4 
106: 51 21 55 36 14  1 42 23 37 30 28 15 34 50 24 20 32 19 54  4 12 56  7 53  2 26 33 13 16 35 41 18 43  5 44 52 46  9 17 40 45 22 27 48 58 29  8 25 47  6 59  0 11 31 39 10 38  3 57 49 
107: 51 44 33 36 14  1 42 23 15 30 28 37 34 50 24 20 32 19 35  4 46 56 26 53 39  7 55 13 16 21 49 52 43  5 27 18 41 57 54 17 45 31  8 48 58 29 40 25 47  6 59  0 11 22  2 10 38  3  9 12 
108: 29 44 55  8 14  1 42 23 52 30 28 37 34 50 24 20 32 19 54  4 12 56 26 35 39  7 33 13 16 38 45 18 43  5 27 57 46  9 17 53 49 22 36 48 58 51 40 25 15  6 59  0 11 31  2 10 21  3 47 41 
109: 51 21 55 36 14  1 56 37 42 30 28 15 34 50 24 20 26 19 54  4 12 32 40 53  2 31 33 13 39 35 41 18 43  5 44 57 46  9 27 17 45  7  8 48 58 29 52 25 59  6 23  0 11 22 16 10 38  3 47 49 
110: 51 46 55 36 29  1 42 23 52 30 28 37 34 50 24 20 32 19 41  4  9 56 26 53  2  7 54 13 16 38 49 18 43  5 27 57 33  0 35 17 45 22  8 47 58 14 40 25 15  6 59 44 11 31 39 10 21  3 48 12 
111: 51 39 55 36 47 57 19 58 52 30 16 15 34 50 24 20 32 42 54  4 46 56 44 53  2 37  7 13 49 21 48 18 43  5 27 40 41  9 35 17 45 22 25 26 23 29  1  8  0  6 59 33 11 31 28 10 38  3 14 12 
112: 51 56 15 43 14  1 42 23 52 30 40 37 34 50 59 20 32 19 54 57  0  4 11 53  2  7 33 13 16 21 49 18 36  5 27 55 41  9 35 17 45 22  8 48 58 29 28 25 46  6 24 44 26 31 39 10 38  3 47 12 
113: 51 54 55 36 14  1 58  8 52 30 28 50 34 37 24 20 32 19 44  4 46 56 26 22  2  7 33 13 16 21 49 18 43  5 27 57 41  9 35 17 45 53 42 48 59 29 40 25  3  6 15  0 11 31 39 10 38 23 47 12 
114: 51 44 55 36 14  1 42  8 52 30 47 38 34 50 24 20 32 19 54  4 46 56 26 53  2  7 33 21 29 28 49 18 43  5 27 57 41  9 35 17 45 22 58 48 59 16 40 25  3  6 15 37 11 31 12 10  0 23 13 39 
115: 51  7 55 36 29  1 42 37 46 30 28 48 34 50 24 41 32 43 54 53  9 56 26 21  2 15 44 13 16  4 49 18 19  5 27 33 20 52 35 17 45 22  8  6 58 14 40 25 59 57 23  0 11 31 39 10 38  3 47 12 
116: 51 11 55 36 14  1 42 23 52 47 28 58 34 50 24 49 32 19 54  4 46 56 26 10  2 15 33 13 16 21  0 18 44  7 27 57  9 37 35 43 45  5  8 48 41 29 40 25 22  6 59 20 17 31 39 53 38  3 30 12 
117: 51  7 55 36 14  1 42 39 52 30 28 38 34 50 41 20 11 19 54  4  3 56 26 53  2 15 33 13 16 21 49 18 43  5 27 45 44  9 35 17 23 22  8 48 58 29 40 25 24  6 59 37 46 31 57 10  0 32 47 12 
118: 51  7 55 36 14  1 42 27 52 16 28 37 34 50 41  8  2 23 54  4  3 56 26 19 53 15 33 13 30 21 49 18 43  5 45 39 44  9 35 17 46 22 20 48 58 29 40 25 24  6 59  0 11 31 57 10 38 32 47 12 
119: 12 17 55 36 14  1 42 46 52 30 28 37 34 50 24 20 32 19 54  4 35 15 26 53  2 21  8 13 16 48 49 18 43  7 27 41 57 33 23 44 45  5  6 59 58 29 40 25 22  9  0 56 11 31 39 51 38  3 47 10 
120: 51  7 55 36 14 31 52 45 42 30 28 37 34 50 26 20 32 19 35  4 46 56 44 24 27 15 33 13 16 21 49  3 43  1  2 57 41  9 54 17 23  6  8 48 58 11 40 22 29 25 59  0 53  5 39 10 38 18 47 12 
121: 51  7 55 36 20 43 42 37 52 30 28 10 32 50 24 14 34 19 54 21 46 56 44 53 26 15 33 13 48  4 49 18  1  5 27 57 41  9 35 17 45 22  8 16 58 29 40 25 59  6 23  0 11 31 39  2 38  3 47 12 
122: 51  7 55 36 16 33 42 23 52 30 28 53 34 50 26 48 32 19 35  4 46 56 44 49 27 15 31 13 14 20 41 18 43  1  2 57 37  9 54 17 45 22  8 21 58 24 40 25 29  6 59  0 11  5 39 10 38  3 47 12 
123: 51 44 55 36 14  1 42 43 52 30 28  7 34 50 24 20 32 19 54  4 46 56 26 53  2 37  8 13 16 21 49 18 12  5 27 57 41  9 35 17 39 22  6 48 58 29 40 25 23 33 59  0 11 31 45 10 38  3 47 15 
124: 51 44 55 36  4  1 46  3 41 30 28 37 34 50 14 20 32 19 54 58 24 56 26 53  2  7 33 57 16 21 27 18 43  5 49 13 23  9 52 17 45 22  8 48 12 29 40 25 15  6 59  0 11 31 39 10 38 35 47 42 
125: 51 44 29 36 14 34 56 37 52 42 32 15 47 50 24 20 59 43 45  4 46  0 26 53  2  1  7 13 16 21 49 18 19  5 27 57 41  9 35 17 54 22 33 48 58 39 40 25 28 30 23  6 11 31 55 10 38  3  8 12 
126: 51 44 55 36 14  1 42 53 52 18 39 17 34 50 56 20  0  6 28 32 46 31 26 23  2  7 33 13 16 21 49 30 43 27  5 57 41  9 35 37 45 11 29 48 58  8 40 25 15 19 59  4 22 24 54 10 38  3 47 12 
127: 51  7 55 36 14 31 42 23 52 30 28 37 34 50 12 20 32 19 35  4 46 56 44 53 27 15 33 13 16 21 49 18 43  1  2 57 41  9 54 17 45  6  8 48 58 24 40 22 29 25 59  0 11  5 39 10 38  3 47 26 
128: 51 16 55 36 14  1 42 35 52  8  2 37 34 50 44 20 32 19 54  7 46 56 26  5 23 15 53 13 25 21  0 18 28 30 49 57 41  9  4 17 45 58 33 48 22 29 40 27 24  6 59 43 11 31 39 10 38  3 47 12 
129: 51 44 46 36 14  8 42 37 52 30 59 15 34 50 39 20 32 19 56 57 12 54 26  1 45 53  7  2 22 21 49 18 43  5 27 55 41 29 35 17  9 16 33 48 58 13 40 25 28  6 23  0 31 11 38 10 24  3 47  4 
130:  5 44 55 21 14  1 42 23 52 29 12 28 34  8 24 20 16 19 54  4 46 56 26 32 36  7 45 13 53 38 49 18 43 11 51 33 41  9 35 17 40 22 50 48 58 30 57 27 15  6 59  0 25 31 39 10  2  3 47 37 
131: 51 44 55 36 29 34 52 37 42 30 59 15 18 50 24 45 32 19 56  4 46 58 26 53 27  1  7 13 16 21 49 47 43  5  2 57 41  9 35 17 20 22 33 48 54 14 40 25 28  6 23  0 11 31 39 10 38  3  8 12 
132: 43 27 55 36 14  1 42 52 23 30 29 37 34 50 12 20 32  5 54  4  9 56 26 53  2  7 49 13 16 21 33 18 51 10 58 57 41 46 35 17 45 22  8 48 44 28 40 25 15  6 59  0 11 31 39 19 38  3 47 24 
133: 51  7 36 31 14  1 42 16 52 30 28 37 34 50 26 41 32 19 54 21 46 56 24 53  8 15 33 13 40  4 49 18 43 27  5 57 20  9 55 17 45 22  2 48 58 29 35 25  0  6 59 44 11 39 23 10 38  3 47 12 
134: 51 15 55 50 14  1 42 56 52 30 28 37 34  7 24 20  5 19 54  4 46 58 26 53  2 12 33 21 39 13 49 18 43 32 27 45 41  9 35 17 57 22  8 48 23 29 40 25  0  6 59 44 11 31 16 10 38  3 47 36 
135: 51 44 55 36 14  1 42 23 52 30 28 37 34 50 24 20 32 19 54  4 46 56 26 53  2  7 33 13 16 21 49 18 43  5 27 57 41  9 35 17 45 22  8 48 58 29 40 25 15  6 59  0 11 31 39 10 38  3 47 12 
136: 51 44 55 36 14  8 42 37 52 30 59 15 34 50 11 20 32 19 35  4 46  1 26 56 16 53  7  6  2 38 49 18 43  5 27 57 41  9 54 17 45 22 33 48 28 29 40 25 58 13 23  0 24 31 39 10 21  3 47 12 
137: 43 44 55 36 14 31 42 23 52 30 28 37 34 47 11 20 46 19 54  4  9 56 26 53 27  7 33 13 16 21 49 18 51  1 24 57 39 32 35 17  2 22  8 48 58 29 40 25 15  6 59  0 45  5 41 10 38  3 50 12 
138: 51 44 55 36 14  1 42 53 52 18 39 17 34 50 56 20  0  6 28 32 46 31 26 23  2  7 33 13 16 21 49 30 43 27  5 57 41  9 35 37 45 11 29 48 58  8 40 25 15 19 59  4 22 24 54 10 38  3 47 12 
139: 51 44 58 36 14 31 12 23 52 30 28 37 34 50 15 20  9 19 54  4 29 56 24 43  2 55 45 13  1 21 49 18  6 16 32 33 41 46 35 17 40 22  8 48 27 42 57 25  7 26 59  0 11  5 39 53 38  3 47 10 
140: 51 44 55 36 52  1 46 35 41 43 28 37 34 32 14 20 50 19 54 58 24 56 26 53  2  7 33 13 16 21 27 18 30  5 49 57 23  9  4 17 45 22  8 48 12 29 40 25 15  6 59  0 11 31 39 10 38  3 47 42 
141: 51 44 57 36 52  1 38 23 14 30 28 37 34 50 24 20 32 25 54  4 46 56 26 53 59  7 33 13 16 11 49 18 43  5 27 55 41  9 35 17 45 22  8 48 58 29 40 19 15  6  2  0 21 31 39 10 42  3 47 12 
142: 51  7 36 31 14  1 42 16 52 30 28 37 34 50 26 41 32 19 54 21 46 56 24 53  8 15 33 13 40  4 49 18 43 27  5 57 20  9 55 17 45 22  2 48 58 29 35 25  0  6 59 44 11 39 23 10 38  3 47 12 
143: 51 44 55 36 27  1 42 23 52 30 28 53 34 50 46 20 32  7 35  0 24 56 26 37  2 54 11 13 16 21  6 18 43  5 33 57 41  9 19 17 45 49  8 48 58 29 40 22 15 25 59  4 14 31 39 10 38  3 47 12 
144: 56 44 46 36 14 34 42 37 52 23 28 15 47 50 24 20 32  1 54 57 55 51 26 53  2 30 19 13 16 21 49 18 43  5 27 12 41  9  6 17 33 22 45 48 58 29 40 25  7 35 59  0 31 11 39 10 38  3  8  4 
145: 51 44 29 36 14 34 56 37 52 42 32 15 47 50 24 20 59 43 45  4 46  0 26 53  2  1  7 13 16 21 49 18 19  5 27 57 41  9 35 17 54 22 33 48 58 39 40 25 28 30 23  6 11 31 55 10 38  3  8 12 
146: 51 15 55 36 14  1 11 23 42 30 28  3 53 50 24 20 32 19 35  4  7 56 26 34  8 46 33 13 16 21 49 18 43 27  5 57 39  9 54 17 45 31  2 48 58 29 40 25  0  6 59 44 52 22 41 10 38 37 47 12 
147: 51 27 55 36 14  1  7 23 52 30 28 37 53 42 24 20 17 19  8  4 46 56 26 34  2 50 33 13 16 21 31 18 49  5 58 57 41  9 35 32 45 22 54 48 44 29 40 25 39  6 59  0 11 43 15 10 38  3 47 12 
148: 51 56 55 36 14  1 52 23 42 30 28 53 34 50 24 20 32 19 54  4 46 44 26 37 27  7 33 13 16 21 49 18 43  5  2 57 41  9 35 17 45  6  8 48 58 29 40 22 15 25 59  0 11 31 39 10 38  3 47 12 
149: 51 44 55 36 52  1 46 35 41 43 28 37 34 32 14 20 50 19 54 58 24 56 26 53  2  7 33 13 16 21 27 18 30  5 49 57 23  9  4 17 45 22  8 48 12 29 40 25 15  6 59  0 11 31 39 10 38  3 47 42 
